+78127789514
+78127715401
+78127712287
+78127716800
+78127780404
+78127780441
+78127716811
+78127716849
+78127717811
+78127712470
+78127719927
+78123664323
+78127712294
+78127712495
+78127715416
+78127712286
+78127715422
+78127712280
+78127713885
+78127715418
+78127715424
+78127717428
+78123664315
+78127716197
+78127788901
+78127789575
+78127789577
+78127013551
+78127765019
+78127716590
+78127719390
+78127714990
+78127788544
+78127711818
+78127785777
+78127788222
+78127786624
+78127785100
+78127787715
+78127713420
+78127713191
+78127715879
+78127715740
+78127717862
+78127764173
+78127716196
+78127719911
+78127780579
+78127719900
+78127719997
+78127713896
+78127716852
+78127780402
+78127081151
+78127780587
+78127081740
+78127769754
+78127780558
+78127780559
+78127081726
+78127715429
+78127719795
+78127081747
+78127714680
+78127719912
+78127716815
+78127780444
+78127768987
+78127081733
+78127717426
+78127713983
+78127715739
+78127760815
+78127710184
+78127780575
+78127712295
+78127719918
+78127780598
+78127717690
+78127713890
+78127713984
+78127780572
+78127715816
+78127780419
+78127715734
+78127719915
+78127780588
+78127715736
+78127081724
+78127082017
+78127081732
+78127765539
+78127714491
+78127714313
+78127714321
+78127081551
+78127081141
+78127714309
+78127761516
+78127768058
+78127765592
+78127768057
+78127781721
+78127081015
+78127714342
+78127081521
+78127782079
+78127762220
+78127762489
+78127716336
+78127768980
+78123669956
+78123669096
+78123667427
+78123667409
+78123667476
+78123667483
+78123667484
+78127082990
+78123667456
+78123667457
+78123667463
+78123667469
+78123667438
+78123667444
+78123667403
+78123667451
+78123667418
+78127781947
+78123667424
+78123667433
+78123667434
+78123667541
+78123667485
+78127082993
+78127082982
+78127082984
+78123667478
+78127082849
+78127760189
+78123667473
+78123667481
+78123667459
+78123667461
+78123667462
+78123667522
+78123667442
+78123667446
+78123664725
+78123667486
+78123667435
+78123667436
+78123669097
+78123663671
+78123663655
+78123668886
+78123663663
+78123663670
+78123663657
+78123663661
+78123663705
+78123663706
+78123663680
+78123663698
+78123663711
+78123663676
+78127783757
+78123663059
+78123666757
+78123666623
+78123663674
+78123663688
+78127782441
+78123663717
+78127788789
+78123663672
+78127768155
+78123663713
+78127018615
+78127786291
+78123663693
+78123663700
+78123663712
+78123663682
+78123663709
+78123663703
+78127768071
+78123667426
+78123667421
+78127018606
+78123663659
+78127780995
+78123663679
+78127018641
+78123663678
+78127712693
+78123663731
+78123663874
+78123663426
+78123663438
+78127714977
+78123663479
+78123663730
+78127780368
+78123663485
+78127718831
+78123663495
+78123663722
+78127787449
+78123663498
+78123663270
+78123663478
+78123663489
+78123669095
+78123663490
+78123663481
+78123663729
+78123663476
+78123663469
+78123663473
+78123663421
+78127018616
+78123663726
+78123663441
+78123663278
+78123663460
+78123663464
+78127783039
+78123663258
+78123663455
+78127785200
+78127782296
+78123663454
+78127782062
+78123663444
+78123663467
+78123663256
+78123663436
+78127782871
+78123663451
+78123663448
+78123663265
+78123663976
+78123663261
+78123663437
+78123663268
+78127781110
+78123663257
+78123663433
+78123663466
+78127714372
+78127081750
+78127712052
+78127768051
+78127714433
+78127081766
+78127081533
+78127714393
+78127714391
+78127767483
+78123663521
+78127768087
+78123664718
+78127714401
+78127714386
+78127710752
+78127715480
+78127714497
+78127768054
+78127763078
+78127769896
+78127714405
+78127769783
+78127760750
+78127081749
+78127767534
+78127768627
+78127714418
+78127081752
+78127714360
+78127714378
+78127081762
+78127714354
+78127785126
+78127711919
